{
 "cells": [
  {
   "cell_type": "code",
   "execution_count": 62,
   "metadata": {
    "collapsed": true
   },
   "outputs": [],
   "source": [
    "import pandas as pd\n",
    "import sklearn"
   ]
  },
  {
   "cell_type": "code",
   "execution_count": 63,
   "outputs": [
    {
     "data": {
      "text/plain": "      cust_id  gender\n0        3500       0\n1        3501       0\n2        3502       0\n3        3503       0\n4        3504       0\n...       ...     ...\n2477     5977       0\n2478     5978       0\n2479     5979       0\n2480     5980       0\n2481     5981       0\n\n[2482 rows x 2 columns]",
      "text/html": "<div>\n<style scoped>\n    .dataframe tbody tr th:only-of-type {\n        vertical-align: middle;\n    }\n\n    .dataframe tbody tr th {\n        vertical-align: top;\n    }\n\n    .dataframe thead th {\n        text-align: right;\n    }\n</style>\n<table border=\"1\" class=\"dataframe\">\n  <thead>\n    <tr style=\"text-align: right;\">\n      <th></th>\n      <th>cust_id</th>\n      <th>gender</th>\n    </tr>\n  </thead>\n  <tbody>\n    <tr>\n      <th>0</th>\n      <td>3500</td>\n      <td>0</td>\n    </tr>\n    <tr>\n      <th>1</th>\n      <td>3501</td>\n      <td>0</td>\n    </tr>\n    <tr>\n      <th>2</th>\n      <td>3502</td>\n      <td>0</td>\n    </tr>\n    <tr>\n      <th>3</th>\n      <td>3503</td>\n      <td>0</td>\n    </tr>\n    <tr>\n      <th>4</th>\n      <td>3504</td>\n      <td>0</td>\n    </tr>\n    <tr>\n      <th>...</th>\n      <td>...</td>\n      <td>...</td>\n    </tr>\n    <tr>\n      <th>2477</th>\n      <td>5977</td>\n      <td>0</td>\n    </tr>\n    <tr>\n      <th>2478</th>\n      <td>5978</td>\n      <td>0</td>\n    </tr>\n    <tr>\n      <th>2479</th>\n      <td>5979</td>\n      <td>0</td>\n    </tr>\n    <tr>\n      <th>2480</th>\n      <td>5980</td>\n      <td>0</td>\n    </tr>\n    <tr>\n      <th>2481</th>\n      <td>5981</td>\n      <td>0</td>\n    </tr>\n  </tbody>\n</table>\n<p>2482 rows × 2 columns</p>\n</div>"
     },
     "execution_count": 63,
     "metadata": {},
     "output_type": "execute_result"
    }
   ],
   "source": [
    "x_test = pd.read_csv('data/X_test.csv', encoding='euc-kr')\n",
    "x_train = pd.read_csv('data/X_train.csv', encoding='euc-kr')\n",
    "y_train = pd.read_csv('data/y_train.csv', encoding='euc-kr')\n",
    "x_test['gender']= 0\n",
    "x_test\n",
    "final_df = x_test[['cust_id', 'gender']]\n",
    "final_df"
   ],
   "metadata": {
    "collapsed": false,
    "pycharm": {
     "name": "#%%\n"
    }
   }
  },
  {
   "cell_type": "code",
   "execution_count": 64,
   "outputs": [
    {
     "name": "stdout",
     "output_type": "stream",
     "text": [
      "(3500, 10) (3500, 2) (2482, 11)\n"
     ]
    }
   ],
   "source": [
    "print(x_train.shape,y_train.shape, x_test.shape)\n"
   ],
   "metadata": {
    "collapsed": false,
    "pycharm": {
     "name": "#%%\n"
    }
   }
  },
  {
   "cell_type": "code",
   "execution_count": 65,
   "outputs": [
    {
     "data": {
      "text/plain": "          cust_id      총구매액     최대구매액      환불금액      내점일수   내점당구매건수    주말방문비율  \\\ncust_id  1.000000 -0.008004 -0.005883  0.070135 -0.025234 -0.004840  0.001900   \n총구매액    -0.008004  1.000000  0.700080  0.419734  0.659084  0.090022  0.014396   \n최대구매액   -0.005883  0.700080  1.000000  0.410562  0.374147  0.018980  0.022277   \n환불금액     0.070135  0.419734  0.410562  1.000000  0.270290 -0.063114 -0.062397   \n내점일수    -0.025234  0.659084  0.374147  0.270290  1.000000  0.225264 -0.010325   \n내점당구매건수 -0.004840  0.090022  0.018980 -0.063114  0.225264  1.000000  0.007659   \n주말방문비율   0.001900  0.014396  0.022277 -0.062397 -0.010325  0.007659  1.000000   \n구매주기     0.020070 -0.212944 -0.115837 -0.211125 -0.293200 -0.091151  0.003372   \ncust_id  1.000000 -0.008004 -0.005883  0.070135 -0.025234 -0.004840  0.001900   \ngender  -0.001994 -0.150141 -0.114323 -0.078025 -0.155000 -0.043917  0.073598   \n\n             구매주기   cust_id    gender  \ncust_id  0.020070  1.000000 -0.001994  \n총구매액    -0.212944 -0.008004 -0.150141  \n최대구매액   -0.115837 -0.005883 -0.114323  \n환불금액    -0.211125  0.070135 -0.078025  \n내점일수    -0.293200 -0.025234 -0.155000  \n내점당구매건수 -0.091151 -0.004840 -0.043917  \n주말방문비율   0.003372  0.001900  0.073598  \n구매주기     1.000000  0.020070  0.041450  \ncust_id  0.020070  1.000000 -0.001994  \ngender   0.041450 -0.001994  1.000000  ",
      "text/html": "<div>\n<style scoped>\n    .dataframe tbody tr th:only-of-type {\n        vertical-align: middle;\n    }\n\n    .dataframe tbody tr th {\n        vertical-align: top;\n    }\n\n    .dataframe thead th {\n        text-align: right;\n    }\n</style>\n<table border=\"1\" class=\"dataframe\">\n  <thead>\n    <tr style=\"text-align: right;\">\n      <th></th>\n      <th>cust_id</th>\n      <th>총구매액</th>\n      <th>최대구매액</th>\n      <th>환불금액</th>\n      <th>내점일수</th>\n      <th>내점당구매건수</th>\n      <th>주말방문비율</th>\n      <th>구매주기</th>\n      <th>cust_id</th>\n      <th>gender</th>\n    </tr>\n  </thead>\n  <tbody>\n    <tr>\n      <th>cust_id</th>\n      <td>1.000000</td>\n      <td>-0.008004</td>\n      <td>-0.005883</td>\n      <td>0.070135</td>\n      <td>-0.025234</td>\n      <td>-0.004840</td>\n      <td>0.001900</td>\n      <td>0.020070</td>\n      <td>1.000000</td>\n      <td>-0.001994</td>\n    </tr>\n    <tr>\n      <th>총구매액</th>\n      <td>-0.008004</td>\n      <td>1.000000</td>\n      <td>0.700080</td>\n      <td>0.419734</td>\n      <td>0.659084</td>\n      <td>0.090022</td>\n      <td>0.014396</td>\n      <td>-0.212944</td>\n      <td>-0.008004</td>\n      <td>-0.150141</td>\n    </tr>\n    <tr>\n      <th>최대구매액</th>\n      <td>-0.005883</td>\n      <td>0.700080</td>\n      <td>1.000000</td>\n      <td>0.410562</td>\n      <td>0.374147</td>\n      <td>0.018980</td>\n      <td>0.022277</td>\n      <td>-0.115837</td>\n      <td>-0.005883</td>\n      <td>-0.114323</td>\n    </tr>\n    <tr>\n      <th>환불금액</th>\n      <td>0.070135</td>\n      <td>0.419734</td>\n      <td>0.410562</td>\n      <td>1.000000</td>\n      <td>0.270290</td>\n      <td>-0.063114</td>\n      <td>-0.062397</td>\n      <td>-0.211125</td>\n      <td>0.070135</td>\n      <td>-0.078025</td>\n    </tr>\n    <tr>\n      <th>내점일수</th>\n      <td>-0.025234</td>\n      <td>0.659084</td>\n      <td>0.374147</td>\n      <td>0.270290</td>\n      <td>1.000000</td>\n      <td>0.225264</td>\n      <td>-0.010325</td>\n      <td>-0.293200</td>\n      <td>-0.025234</td>\n      <td>-0.155000</td>\n    </tr>\n    <tr>\n      <th>내점당구매건수</th>\n      <td>-0.004840</td>\n      <td>0.090022</td>\n      <td>0.018980</td>\n      <td>-0.063114</td>\n      <td>0.225264</td>\n      <td>1.000000</td>\n      <td>0.007659</td>\n      <td>-0.091151</td>\n      <td>-0.004840</td>\n      <td>-0.043917</td>\n    </tr>\n    <tr>\n      <th>주말방문비율</th>\n      <td>0.001900</td>\n      <td>0.014396</td>\n      <td>0.022277</td>\n      <td>-0.062397</td>\n      <td>-0.010325</td>\n      <td>0.007659</td>\n      <td>1.000000</td>\n      <td>0.003372</td>\n      <td>0.001900</td>\n      <td>0.073598</td>\n    </tr>\n    <tr>\n      <th>구매주기</th>\n      <td>0.020070</td>\n      <td>-0.212944</td>\n      <td>-0.115837</td>\n      <td>-0.211125</td>\n      <td>-0.293200</td>\n      <td>-0.091151</td>\n      <td>0.003372</td>\n      <td>1.000000</td>\n      <td>0.020070</td>\n      <td>0.041450</td>\n    </tr>\n    <tr>\n      <th>cust_id</th>\n      <td>1.000000</td>\n      <td>-0.008004</td>\n      <td>-0.005883</td>\n      <td>0.070135</td>\n      <td>-0.025234</td>\n      <td>-0.004840</td>\n      <td>0.001900</td>\n      <td>0.020070</td>\n      <td>1.000000</td>\n      <td>-0.001994</td>\n    </tr>\n    <tr>\n      <th>gender</th>\n      <td>-0.001994</td>\n      <td>-0.150141</td>\n      <td>-0.114323</td>\n      <td>-0.078025</td>\n      <td>-0.155000</td>\n      <td>-0.043917</td>\n      <td>0.073598</td>\n      <td>0.041450</td>\n      <td>-0.001994</td>\n      <td>1.000000</td>\n    </tr>\n  </tbody>\n</table>\n</div>"
     },
     "execution_count": 65,
     "metadata": {},
     "output_type": "execute_result"
    }
   ],
   "source": [
    "x = pd.concat([x_train,y_train], join='inner', axis=1)\n",
    "x.corr()\n",
    "# x.drop(['cust_id', '주말방문비율'], axis=1, inplace=True)\n",
    "# x_test.drop(['cust_id', '주말방문비율'], axis=1, inplace=True)"
   ],
   "metadata": {
    "collapsed": false,
    "pycharm": {
     "name": "#%%\n"
    }
   }
  },
  {
   "cell_type": "code",
   "execution_count": 66,
   "outputs": [
    {
     "name": "stdout",
     "output_type": "stream",
     "text": [
      "<class 'pandas.core.frame.DataFrame'>\n",
      "RangeIndex: 3500 entries, 0 to 3499\n",
      "Data columns (total 12 columns):\n",
      " #   Column   Non-Null Count  Dtype  \n",
      "---  ------   --------------  -----  \n",
      " 0   cust_id  3500 non-null   int64  \n",
      " 1   총구매액     3500 non-null   int64  \n",
      " 2   최대구매액    3500 non-null   int64  \n",
      " 3   환불금액     1205 non-null   float64\n",
      " 4   주구매상품    3500 non-null   object \n",
      " 5   주구매지점    3500 non-null   object \n",
      " 6   내점일수     3500 non-null   int64  \n",
      " 7   내점당구매건수  3500 non-null   float64\n",
      " 8   주말방문비율   3500 non-null   float64\n",
      " 9   구매주기     3500 non-null   int64  \n",
      " 10  cust_id  3500 non-null   int64  \n",
      " 11  gender   3500 non-null   int64  \n",
      "dtypes: float64(3), int64(7), object(2)\n",
      "memory usage: 328.2+ KB\n"
     ]
    }
   ],
   "source": [
    "x.info()"
   ],
   "metadata": {
    "collapsed": false,
    "pycharm": {
     "name": "#%%\n"
    }
   }
  },
  {
   "cell_type": "code",
   "execution_count": 67,
   "outputs": [
    {
     "data": {
      "text/plain": "           cust_id          총구매액         최대구매액          환불금액         내점일수  \\\ncount  3500.000000  3.500000e+03  3.500000e+03  3.500000e+03  3500.000000   \nmean   1749.500000  9.191925e+07  1.966424e+07  8.289786e+06    19.253714   \nstd    1010.507298  1.635065e+08  3.199235e+07  3.010204e+07    27.174942   \nmin       0.000000 -5.242152e+07 -2.992000e+06  0.000000e+00     1.000000   \n25%     874.750000  4.747050e+06  2.875000e+06  0.000000e+00     2.000000   \n50%    1749.500000  2.822270e+07  9.837000e+06  0.000000e+00     8.000000   \n75%    2624.250000  1.065079e+08  2.296250e+07  2.642250e+06    25.000000   \nmax    3499.000000  2.323180e+09  7.066290e+08  5.637530e+08   285.000000   \n\n           내점당구매건수       주말방문비율         구매주기      cust_id       gender  \ncount  3500.000000  3500.000000  3500.000000  3500.000000  3500.000000  \nmean      2.834963     0.307246    20.958286  1749.500000     0.376000  \nstd       1.912368     0.289752    24.748682  1010.507298     0.484449  \nmin       1.000000     0.000000     0.000000     0.000000     0.000000  \n25%       1.666667     0.027291     4.000000   874.750000     0.000000  \n50%       2.333333     0.256410    13.000000  1749.500000     0.000000  \n75%       3.375000     0.448980    28.000000  2624.250000     1.000000  \nmax      22.083333     1.000000   166.000000  3499.000000     1.000000  ",
      "text/html": "<div>\n<style scoped>\n    .dataframe tbody tr th:only-of-type {\n        vertical-align: middle;\n    }\n\n    .dataframe tbody tr th {\n        vertical-align: top;\n    }\n\n    .dataframe thead th {\n        text-align: right;\n    }\n</style>\n<table border=\"1\" class=\"dataframe\">\n  <thead>\n    <tr style=\"text-align: right;\">\n      <th></th>\n      <th>cust_id</th>\n      <th>총구매액</th>\n      <th>최대구매액</th>\n      <th>환불금액</th>\n      <th>내점일수</th>\n      <th>내점당구매건수</th>\n      <th>주말방문비율</th>\n      <th>구매주기</th>\n      <th>cust_id</th>\n      <th>gender</th>\n    </tr>\n  </thead>\n  <tbody>\n    <tr>\n      <th>count</th>\n      <td>3500.000000</td>\n      <td>3.500000e+03</td>\n      <td>3.500000e+03</td>\n      <td>3.500000e+03</td>\n      <td>3500.000000</td>\n      <td>3500.000000</td>\n      <td>3500.000000</td>\n      <td>3500.000000</td>\n      <td>3500.000000</td>\n      <td>3500.000000</td>\n    </tr>\n    <tr>\n      <th>mean</th>\n      <td>1749.500000</td>\n      <td>9.191925e+07</td>\n      <td>1.966424e+07</td>\n      <td>8.289786e+06</td>\n      <td>19.253714</td>\n      <td>2.834963</td>\n      <td>0.307246</td>\n      <td>20.958286</td>\n      <td>1749.500000</td>\n      <td>0.376000</td>\n    </tr>\n    <tr>\n      <th>std</th>\n      <td>1010.507298</td>\n      <td>1.635065e+08</td>\n      <td>3.199235e+07</td>\n      <td>3.010204e+07</td>\n      <td>27.174942</td>\n      <td>1.912368</td>\n      <td>0.289752</td>\n      <td>24.748682</td>\n      <td>1010.507298</td>\n      <td>0.484449</td>\n    </tr>\n    <tr>\n      <th>min</th>\n      <td>0.000000</td>\n      <td>-5.242152e+07</td>\n      <td>-2.992000e+06</td>\n      <td>0.000000e+00</td>\n      <td>1.000000</td>\n      <td>1.000000</td>\n      <td>0.000000</td>\n      <td>0.000000</td>\n      <td>0.000000</td>\n      <td>0.000000</td>\n    </tr>\n    <tr>\n      <th>25%</th>\n      <td>874.750000</td>\n      <td>4.747050e+06</td>\n      <td>2.875000e+06</td>\n      <td>0.000000e+00</td>\n      <td>2.000000</td>\n      <td>1.666667</td>\n      <td>0.027291</td>\n      <td>4.000000</td>\n      <td>874.750000</td>\n      <td>0.000000</td>\n    </tr>\n    <tr>\n      <th>50%</th>\n      <td>1749.500000</td>\n      <td>2.822270e+07</td>\n      <td>9.837000e+06</td>\n      <td>0.000000e+00</td>\n      <td>8.000000</td>\n      <td>2.333333</td>\n      <td>0.256410</td>\n      <td>13.000000</td>\n      <td>1749.500000</td>\n      <td>0.000000</td>\n    </tr>\n    <tr>\n      <th>75%</th>\n      <td>2624.250000</td>\n      <td>1.065079e+08</td>\n      <td>2.296250e+07</td>\n      <td>2.642250e+06</td>\n      <td>25.000000</td>\n      <td>3.375000</td>\n      <td>0.448980</td>\n      <td>28.000000</td>\n      <td>2624.250000</td>\n      <td>1.000000</td>\n    </tr>\n    <tr>\n      <th>max</th>\n      <td>3499.000000</td>\n      <td>2.323180e+09</td>\n      <td>7.066290e+08</td>\n      <td>5.637530e+08</td>\n      <td>285.000000</td>\n      <td>22.083333</td>\n      <td>1.000000</td>\n      <td>166.000000</td>\n      <td>3499.000000</td>\n      <td>1.000000</td>\n    </tr>\n  </tbody>\n</table>\n</div>"
     },
     "execution_count": 67,
     "metadata": {},
     "output_type": "execute_result"
    }
   ],
   "source": [
    "x.fillna(0, inplace=True)\n",
    "x.describe()"
   ],
   "metadata": {
    "collapsed": false,
    "pycharm": {
     "name": "#%%\n"
    }
   }
  },
  {
   "cell_type": "code",
   "execution_count": 68,
   "outputs": [
    {
     "data": {
      "text/plain": "      cust_id       총구매액     최대구매액       환불금액   주구매상품 주구매지점  내점일수   내점당구매건수  \\\n0           0   68282840  11264000  6860000.0      기타   강남점    19  3.894737   \n1           1    2136000   2136000   300000.0     스포츠   잠실점     2  1.500000   \n2           2    3197000   1639000        0.0  남성 캐주얼   관악점     2  2.000000   \n3           3   16077620   4935000        0.0      기타   광주점    18  2.444444   \n4           4   29050000  24000000        0.0      보석  본  점     2  1.500000   \n...       ...        ...       ...        ...     ...   ...   ...       ...   \n3495     3495    3175200   3042900        0.0      골프  본  점     1  2.000000   \n3496     3496   29628600   7200000  6049600.0    시티웨어  부산본점     8  1.625000   \n3497     3497      75000     75000        0.0    주방용품   창원점     1  1.000000   \n3498     3498    1875000   1000000        0.0     화장품  본  점     2  1.000000   \n3499     3499  263101550  34632000  5973000.0      기타  본  점    38  2.421053   \n\n        주말방문비율  구매주기  cust_id  gender  \n0     0.527027    17        0       0  \n1     0.000000     1        1       0  \n2     0.000000     1        2       1  \n3     0.318182    16        3       1  \n4     0.000000    85        4       0  \n...        ...   ...      ...     ...  \n3495  1.000000     0     3495       1  \n3496  0.461538    40     3496       1  \n3497  0.000000     0     3497       0  \n3498  0.000000    39     3498       0  \n3499  0.467391     8     3499       0  \n\n[3490 rows x 12 columns]",
      "text/html": "<div>\n<style scoped>\n    .dataframe tbody tr th:only-of-type {\n        vertical-align: middle;\n    }\n\n    .dataframe tbody tr th {\n        vertical-align: top;\n    }\n\n    .dataframe thead th {\n        text-align: right;\n    }\n</style>\n<table border=\"1\" class=\"dataframe\">\n  <thead>\n    <tr style=\"text-align: right;\">\n      <th></th>\n      <th>cust_id</th>\n      <th>총구매액</th>\n      <th>최대구매액</th>\n      <th>환불금액</th>\n      <th>주구매상품</th>\n      <th>주구매지점</th>\n      <th>내점일수</th>\n      <th>내점당구매건수</th>\n      <th>주말방문비율</th>\n      <th>구매주기</th>\n      <th>cust_id</th>\n      <th>gender</th>\n    </tr>\n  </thead>\n  <tbody>\n    <tr>\n      <th>0</th>\n      <td>0</td>\n      <td>68282840</td>\n      <td>11264000</td>\n      <td>6860000.0</td>\n      <td>기타</td>\n      <td>강남점</td>\n      <td>19</td>\n      <td>3.894737</td>\n      <td>0.527027</td>\n      <td>17</td>\n      <td>0</td>\n      <td>0</td>\n    </tr>\n    <tr>\n      <th>1</th>\n      <td>1</td>\n      <td>2136000</td>\n      <td>2136000</td>\n      <td>300000.0</td>\n      <td>스포츠</td>\n      <td>잠실점</td>\n      <td>2</td>\n      <td>1.500000</td>\n      <td>0.000000</td>\n      <td>1</td>\n      <td>1</td>\n      <td>0</td>\n    </tr>\n    <tr>\n      <th>2</th>\n      <td>2</td>\n      <td>3197000</td>\n      <td>1639000</td>\n      <td>0.0</td>\n      <td>남성 캐주얼</td>\n      <td>관악점</td>\n      <td>2</td>\n      <td>2.000000</td>\n      <td>0.000000</td>\n      <td>1</td>\n      <td>2</td>\n      <td>1</td>\n    </tr>\n    <tr>\n      <th>3</th>\n      <td>3</td>\n      <td>16077620</td>\n      <td>4935000</td>\n      <td>0.0</td>\n      <td>기타</td>\n      <td>광주점</td>\n      <td>18</td>\n      <td>2.444444</td>\n      <td>0.318182</td>\n      <td>16</td>\n      <td>3</td>\n      <td>1</td>\n    </tr>\n    <tr>\n      <th>4</th>\n      <td>4</td>\n      <td>29050000</td>\n      <td>24000000</td>\n      <td>0.0</td>\n      <td>보석</td>\n      <td>본  점</td>\n      <td>2</td>\n      <td>1.500000</td>\n      <td>0.000000</td>\n      <td>85</td>\n      <td>4</td>\n      <td>0</td>\n    </tr>\n    <tr>\n      <th>...</th>\n      <td>...</td>\n      <td>...</td>\n      <td>...</td>\n      <td>...</td>\n      <td>...</td>\n      <td>...</td>\n      <td>...</td>\n      <td>...</td>\n      <td>...</td>\n      <td>...</td>\n      <td>...</td>\n      <td>...</td>\n    </tr>\n    <tr>\n      <th>3495</th>\n      <td>3495</td>\n      <td>3175200</td>\n      <td>3042900</td>\n      <td>0.0</td>\n      <td>골프</td>\n      <td>본  점</td>\n      <td>1</td>\n      <td>2.000000</td>\n      <td>1.000000</td>\n      <td>0</td>\n      <td>3495</td>\n      <td>1</td>\n    </tr>\n    <tr>\n      <th>3496</th>\n      <td>3496</td>\n      <td>29628600</td>\n      <td>7200000</td>\n      <td>6049600.0</td>\n      <td>시티웨어</td>\n      <td>부산본점</td>\n      <td>8</td>\n      <td>1.625000</td>\n      <td>0.461538</td>\n      <td>40</td>\n      <td>3496</td>\n      <td>1</td>\n    </tr>\n    <tr>\n      <th>3497</th>\n      <td>3497</td>\n      <td>75000</td>\n      <td>75000</td>\n      <td>0.0</td>\n      <td>주방용품</td>\n      <td>창원점</td>\n      <td>1</td>\n      <td>1.000000</td>\n      <td>0.000000</td>\n      <td>0</td>\n      <td>3497</td>\n      <td>0</td>\n    </tr>\n    <tr>\n      <th>3498</th>\n      <td>3498</td>\n      <td>1875000</td>\n      <td>1000000</td>\n      <td>0.0</td>\n      <td>화장품</td>\n      <td>본  점</td>\n      <td>2</td>\n      <td>1.000000</td>\n      <td>0.000000</td>\n      <td>39</td>\n      <td>3498</td>\n      <td>0</td>\n    </tr>\n    <tr>\n      <th>3499</th>\n      <td>3499</td>\n      <td>263101550</td>\n      <td>34632000</td>\n      <td>5973000.0</td>\n      <td>기타</td>\n      <td>본  점</td>\n      <td>38</td>\n      <td>2.421053</td>\n      <td>0.467391</td>\n      <td>8</td>\n      <td>3499</td>\n      <td>0</td>\n    </tr>\n  </tbody>\n</table>\n<p>3490 rows × 12 columns</p>\n</div>"
     },
     "execution_count": 68,
     "metadata": {},
     "output_type": "execute_result"
    }
   ],
   "source": [
    "x = x[x['총구매액']>0]\n",
    "x"
   ],
   "metadata": {
    "collapsed": false,
    "pycharm": {
     "name": "#%%\n"
    }
   }
  },
  {
   "cell_type": "code",
   "execution_count": 69,
   "outputs": [
    {
     "data": {
      "text/plain": "          cust_id      총구매액     최대구매액      환불금액      내점일수   내점당구매건수    주말방문비율  \\\ncust_id  1.000000 -0.007048 -0.006462  0.024723 -0.025160 -0.005347  0.003080   \n총구매액    -0.007048  1.000000  0.700728  0.494191  0.659013  0.090004  0.014996   \n최대구매액   -0.006462  0.700728  1.000000  0.440037  0.373643  0.019419  0.022833   \n환불금액     0.024723  0.494191  0.440037  1.000000  0.393216  0.000065 -0.024894   \n내점일수    -0.025160  0.659013  0.373643  0.393216  1.000000  0.225682 -0.009681   \n내점당구매건수 -0.005347  0.090004  0.019419  0.000065  0.225682  1.000000  0.009317   \n주말방문비율   0.003080  0.014996  0.022833 -0.024894 -0.009681  0.009317  1.000000   \n구매주기     0.020573 -0.214310 -0.116715 -0.141934 -0.294606 -0.091943  0.004371   \ncust_id  1.000000 -0.007048 -0.006462  0.024723 -0.025160 -0.005347  0.003080   \ngender  -0.000913 -0.151706 -0.115071 -0.115379 -0.156264 -0.044509  0.074609   \n\n             구매주기   cust_id    gender  \ncust_id  0.020573  1.000000 -0.000913  \n총구매액    -0.214310 -0.007048 -0.151706  \n최대구매액   -0.116715 -0.006462 -0.115071  \n환불금액    -0.141934  0.024723 -0.115379  \n내점일수    -0.294606 -0.025160 -0.156264  \n내점당구매건수 -0.091943 -0.005347 -0.044509  \n주말방문비율   0.004371  0.003080  0.074609  \n구매주기     1.000000  0.020573  0.040043  \ncust_id  0.020573  1.000000 -0.000913  \ngender   0.040043 -0.000913  1.000000  ",
      "text/html": "<div>\n<style scoped>\n    .dataframe tbody tr th:only-of-type {\n        vertical-align: middle;\n    }\n\n    .dataframe tbody tr th {\n        vertical-align: top;\n    }\n\n    .dataframe thead th {\n        text-align: right;\n    }\n</style>\n<table border=\"1\" class=\"dataframe\">\n  <thead>\n    <tr style=\"text-align: right;\">\n      <th></th>\n      <th>cust_id</th>\n      <th>총구매액</th>\n      <th>최대구매액</th>\n      <th>환불금액</th>\n      <th>내점일수</th>\n      <th>내점당구매건수</th>\n      <th>주말방문비율</th>\n      <th>구매주기</th>\n      <th>cust_id</th>\n      <th>gender</th>\n    </tr>\n  </thead>\n  <tbody>\n    <tr>\n      <th>cust_id</th>\n      <td>1.000000</td>\n      <td>-0.007048</td>\n      <td>-0.006462</td>\n      <td>0.024723</td>\n      <td>-0.025160</td>\n      <td>-0.005347</td>\n      <td>0.003080</td>\n      <td>0.020573</td>\n      <td>1.000000</td>\n      <td>-0.000913</td>\n    </tr>\n    <tr>\n      <th>총구매액</th>\n      <td>-0.007048</td>\n      <td>1.000000</td>\n      <td>0.700728</td>\n      <td>0.494191</td>\n      <td>0.659013</td>\n      <td>0.090004</td>\n      <td>0.014996</td>\n      <td>-0.214310</td>\n      <td>-0.007048</td>\n      <td>-0.151706</td>\n    </tr>\n    <tr>\n      <th>최대구매액</th>\n      <td>-0.006462</td>\n      <td>0.700728</td>\n      <td>1.000000</td>\n      <td>0.440037</td>\n      <td>0.373643</td>\n      <td>0.019419</td>\n      <td>0.022833</td>\n      <td>-0.116715</td>\n      <td>-0.006462</td>\n      <td>-0.115071</td>\n    </tr>\n    <tr>\n      <th>환불금액</th>\n      <td>0.024723</td>\n      <td>0.494191</td>\n      <td>0.440037</td>\n      <td>1.000000</td>\n      <td>0.393216</td>\n      <td>0.000065</td>\n      <td>-0.024894</td>\n      <td>-0.141934</td>\n      <td>0.024723</td>\n      <td>-0.115379</td>\n    </tr>\n    <tr>\n      <th>내점일수</th>\n      <td>-0.025160</td>\n      <td>0.659013</td>\n      <td>0.373643</td>\n      <td>0.393216</td>\n      <td>1.000000</td>\n      <td>0.225682</td>\n      <td>-0.009681</td>\n      <td>-0.294606</td>\n      <td>-0.025160</td>\n      <td>-0.156264</td>\n    </tr>\n    <tr>\n      <th>내점당구매건수</th>\n      <td>-0.005347</td>\n      <td>0.090004</td>\n      <td>0.019419</td>\n      <td>0.000065</td>\n      <td>0.225682</td>\n      <td>1.000000</td>\n      <td>0.009317</td>\n      <td>-0.091943</td>\n      <td>-0.005347</td>\n      <td>-0.044509</td>\n    </tr>\n    <tr>\n      <th>주말방문비율</th>\n      <td>0.003080</td>\n      <td>0.014996</td>\n      <td>0.022833</td>\n      <td>-0.024894</td>\n      <td>-0.009681</td>\n      <td>0.009317</td>\n      <td>1.000000</td>\n      <td>0.004371</td>\n      <td>0.003080</td>\n      <td>0.074609</td>\n    </tr>\n    <tr>\n      <th>구매주기</th>\n      <td>0.020573</td>\n      <td>-0.214310</td>\n      <td>-0.116715</td>\n      <td>-0.141934</td>\n      <td>-0.294606</td>\n      <td>-0.091943</td>\n      <td>0.004371</td>\n      <td>1.000000</td>\n      <td>0.020573</td>\n      <td>0.040043</td>\n    </tr>\n    <tr>\n      <th>cust_id</th>\n      <td>1.000000</td>\n      <td>-0.007048</td>\n      <td>-0.006462</td>\n      <td>0.024723</td>\n      <td>-0.025160</td>\n      <td>-0.005347</td>\n      <td>0.003080</td>\n      <td>0.020573</td>\n      <td>1.000000</td>\n      <td>-0.000913</td>\n    </tr>\n    <tr>\n      <th>gender</th>\n      <td>-0.000913</td>\n      <td>-0.151706</td>\n      <td>-0.115071</td>\n      <td>-0.115379</td>\n      <td>-0.156264</td>\n      <td>-0.044509</td>\n      <td>0.074609</td>\n      <td>0.040043</td>\n      <td>-0.000913</td>\n      <td>1.000000</td>\n    </tr>\n  </tbody>\n</table>\n</div>"
     },
     "execution_count": 69,
     "metadata": {},
     "output_type": "execute_result"
    }
   ],
   "source": [
    "x.describe()\n",
    "x.corr()"
   ],
   "metadata": {
    "collapsed": false,
    "pycharm": {
     "name": "#%%\n"
    }
   }
  },
  {
   "cell_type": "code",
   "execution_count": 73,
   "outputs": [
    {
     "data": {
      "text/plain": "           총구매액     최대구매액       환불금액   주구매상품 주구매지점  내점일수  gender\n0      68282840  11264000  6860000.0      기타   강남점    19       0\n1       2136000   2136000   300000.0     스포츠   잠실점     2       0\n2       3197000   1639000        0.0  남성 캐주얼   관악점     2       1\n3      16077620   4935000        0.0      기타   광주점    18       1\n4      29050000  24000000        0.0      보석  본  점     2       0\n...         ...       ...        ...     ...   ...   ...     ...\n3495    3175200   3042900        0.0      골프  본  점     1       1\n3496   29628600   7200000  6049600.0    시티웨어  부산본점     8       1\n3497      75000     75000        0.0    주방용품   창원점     1       0\n3498    1875000   1000000        0.0     화장품  본  점     2       0\n3499  263101550  34632000  5973000.0      기타  본  점    38       0\n\n[3490 rows x 7 columns]",
      "text/html": "<div>\n<style scoped>\n    .dataframe tbody tr th:only-of-type {\n        vertical-align: middle;\n    }\n\n    .dataframe tbody tr th {\n        vertical-align: top;\n    }\n\n    .dataframe thead th {\n        text-align: right;\n    }\n</style>\n<table border=\"1\" class=\"dataframe\">\n  <thead>\n    <tr style=\"text-align: right;\">\n      <th></th>\n      <th>총구매액</th>\n      <th>최대구매액</th>\n      <th>환불금액</th>\n      <th>주구매상품</th>\n      <th>주구매지점</th>\n      <th>내점일수</th>\n      <th>gender</th>\n    </tr>\n  </thead>\n  <tbody>\n    <tr>\n      <th>0</th>\n      <td>68282840</td>\n      <td>11264000</td>\n      <td>6860000.0</td>\n      <td>기타</td>\n      <td>강남점</td>\n      <td>19</td>\n      <td>0</td>\n    </tr>\n    <tr>\n      <th>1</th>\n      <td>2136000</td>\n      <td>2136000</td>\n      <td>300000.0</td>\n      <td>스포츠</td>\n      <td>잠실점</td>\n      <td>2</td>\n      <td>0</td>\n    </tr>\n    <tr>\n      <th>2</th>\n      <td>3197000</td>\n      <td>1639000</td>\n      <td>0.0</td>\n      <td>남성 캐주얼</td>\n      <td>관악점</td>\n      <td>2</td>\n      <td>1</td>\n    </tr>\n    <tr>\n      <th>3</th>\n      <td>16077620</td>\n      <td>4935000</td>\n      <td>0.0</td>\n      <td>기타</td>\n      <td>광주점</td>\n      <td>18</td>\n      <td>1</td>\n    </tr>\n    <tr>\n      <th>4</th>\n      <td>29050000</td>\n      <td>24000000</td>\n      <td>0.0</td>\n      <td>보석</td>\n      <td>본  점</td>\n      <td>2</td>\n      <td>0</td>\n    </tr>\n    <tr>\n      <th>...</th>\n      <td>...</td>\n      <td>...</td>\n      <td>...</td>\n      <td>...</td>\n      <td>...</td>\n      <td>...</td>\n      <td>...</td>\n    </tr>\n    <tr>\n      <th>3495</th>\n      <td>3175200</td>\n      <td>3042900</td>\n      <td>0.0</td>\n      <td>골프</td>\n      <td>본  점</td>\n      <td>1</td>\n      <td>1</td>\n    </tr>\n    <tr>\n      <th>3496</th>\n      <td>29628600</td>\n      <td>7200000</td>\n      <td>6049600.0</td>\n      <td>시티웨어</td>\n      <td>부산본점</td>\n      <td>8</td>\n      <td>1</td>\n    </tr>\n    <tr>\n      <th>3497</th>\n      <td>75000</td>\n      <td>75000</td>\n      <td>0.0</td>\n      <td>주방용품</td>\n      <td>창원점</td>\n      <td>1</td>\n      <td>0</td>\n    </tr>\n    <tr>\n      <th>3498</th>\n      <td>1875000</td>\n      <td>1000000</td>\n      <td>0.0</td>\n      <td>화장품</td>\n      <td>본  점</td>\n      <td>2</td>\n      <td>0</td>\n    </tr>\n    <tr>\n      <th>3499</th>\n      <td>263101550</td>\n      <td>34632000</td>\n      <td>5973000.0</td>\n      <td>기타</td>\n      <td>본  점</td>\n      <td>38</td>\n      <td>0</td>\n    </tr>\n  </tbody>\n</table>\n<p>3490 rows × 7 columns</p>\n</div>"
     },
     "execution_count": 73,
     "metadata": {},
     "output_type": "execute_result"
    }
   ],
   "source": [
    "x"
   ],
   "metadata": {
    "collapsed": false,
    "pycharm": {
     "name": "#%%\n"
    }
   }
  },
  {
   "cell_type": "code",
   "execution_count": 71,
   "outputs": [],
   "source": [
    "x.drop(['cust_id','내점당구매건수','주말방문비율','구매주기'], axis=1, inplace=True)\n",
    "x_test.drop(['cust_id','내점당구매건수','주말방문비율','구매주기'], axis=1, inplace=True)"
   ],
   "metadata": {
    "collapsed": false,
    "pycharm": {
     "name": "#%%\n"
    }
   }
  },
  {
   "cell_type": "code",
   "execution_count": 77,
   "outputs": [],
   "source": [
    "# from sklearn.preprocessing import StandardScaler\n",
    "# ss = StandardScaler()\n",
    "# ss.fit(x)\n",
    "x_scaled = ss.transform(x)\n",
    "x_test_scaled = ss.transform(x_test)"
   ],
   "metadata": {
    "collapsed": false,
    "pycharm": {
     "name": "#%%\n"
    }
   }
  },
  {
   "cell_type": "code",
   "execution_count": 78,
   "outputs": [
    {
     "data": {
      "text/plain": "array([[-0.14619159, -0.26316897, -0.04394869, ..., -1.40784646,\n        -0.01068317, -0.77803328],\n       [-0.55044213, -0.54837235, -0.27189041, ..., -1.16427199,\n        -0.6357643 , -0.77803328],\n       [-0.54395792, -0.56390106, -0.28231457, ..., -0.92069753,\n        -0.6357643 ,  1.28529206],\n       ...,\n       [-0.56303775, -0.61276807, -0.28231457, ...,  2.73291947,\n        -0.67253378, -0.77803328],\n       [-0.55203721, -0.58386654, -0.28231457, ..., -0.43354859,\n        -0.6357643 , -0.77803328],\n       [ 1.04442565,  0.46696167, -0.07476947, ..., -0.43354859,\n         0.68793692, -0.77803328]])"
     },
     "execution_count": 78,
     "metadata": {},
     "output_type": "execute_result"
    }
   ],
   "source": [
    "x_scaled"
   ],
   "metadata": {
    "collapsed": false,
    "pycharm": {
     "name": "#%%\n"
    }
   }
  },
  {
   "cell_type": "code",
   "execution_count": 75,
   "outputs": [
    {
     "data": {
      "text/plain": "           총구매액     최대구매액       환불금액  주구매상품  주구매지점  내점일수  gender\n0      68282840  11264000  6860000.0      0      0    19       0\n1       2136000   2136000   300000.0      1      1     2       0\n2       3197000   1639000        0.0      2      2     2       1\n3      16077620   4935000        0.0      0      3    18       1\n4      29050000  24000000        0.0      3      4     2       0\n...         ...       ...        ...    ...    ...   ...     ...\n3495    3175200   3042900        0.0      9      4     1       1\n3496   29628600   7200000  6049600.0      5      7     8       1\n3497      75000     75000        0.0     24     17     1       0\n3498    1875000   1000000        0.0      8      4     2       0\n3499  263101550  34632000  5973000.0      0      4    38       0\n\n[3490 rows x 7 columns]",
      "text/html": "<div>\n<style scoped>\n    .dataframe tbody tr th:only-of-type {\n        vertical-align: middle;\n    }\n\n    .dataframe tbody tr th {\n        vertical-align: top;\n    }\n\n    .dataframe thead th {\n        text-align: right;\n    }\n</style>\n<table border=\"1\" class=\"dataframe\">\n  <thead>\n    <tr style=\"text-align: right;\">\n      <th></th>\n      <th>총구매액</th>\n      <th>최대구매액</th>\n      <th>환불금액</th>\n      <th>주구매상품</th>\n      <th>주구매지점</th>\n      <th>내점일수</th>\n      <th>gender</th>\n    </tr>\n  </thead>\n  <tbody>\n    <tr>\n      <th>0</th>\n      <td>68282840</td>\n      <td>11264000</td>\n      <td>6860000.0</td>\n      <td>0</td>\n      <td>0</td>\n      <td>19</td>\n      <td>0</td>\n    </tr>\n    <tr>\n      <th>1</th>\n      <td>2136000</td>\n      <td>2136000</td>\n      <td>300000.0</td>\n      <td>1</td>\n      <td>1</td>\n      <td>2</td>\n      <td>0</td>\n    </tr>\n    <tr>\n      <th>2</th>\n      <td>3197000</td>\n      <td>1639000</td>\n      <td>0.0</td>\n      <td>2</td>\n      <td>2</td>\n      <td>2</td>\n      <td>1</td>\n    </tr>\n    <tr>\n      <th>3</th>\n      <td>16077620</td>\n      <td>4935000</td>\n      <td>0.0</td>\n      <td>0</td>\n      <td>3</td>\n      <td>18</td>\n      <td>1</td>\n    </tr>\n    <tr>\n      <th>4</th>\n      <td>29050000</td>\n      <td>24000000</td>\n      <td>0.0</td>\n      <td>3</td>\n      <td>4</td>\n      <td>2</td>\n      <td>0</td>\n    </tr>\n    <tr>\n      <th>...</th>\n      <td>...</td>\n      <td>...</td>\n      <td>...</td>\n      <td>...</td>\n      <td>...</td>\n      <td>...</td>\n      <td>...</td>\n    </tr>\n    <tr>\n      <th>3495</th>\n      <td>3175200</td>\n      <td>3042900</td>\n      <td>0.0</td>\n      <td>9</td>\n      <td>4</td>\n      <td>1</td>\n      <td>1</td>\n    </tr>\n    <tr>\n      <th>3496</th>\n      <td>29628600</td>\n      <td>7200000</td>\n      <td>6049600.0</td>\n      <td>5</td>\n      <td>7</td>\n      <td>8</td>\n      <td>1</td>\n    </tr>\n    <tr>\n      <th>3497</th>\n      <td>75000</td>\n      <td>75000</td>\n      <td>0.0</td>\n      <td>24</td>\n      <td>17</td>\n      <td>1</td>\n      <td>0</td>\n    </tr>\n    <tr>\n      <th>3498</th>\n      <td>1875000</td>\n      <td>1000000</td>\n      <td>0.0</td>\n      <td>8</td>\n      <td>4</td>\n      <td>2</td>\n      <td>0</td>\n    </tr>\n    <tr>\n      <th>3499</th>\n      <td>263101550</td>\n      <td>34632000</td>\n      <td>5973000.0</td>\n      <td>0</td>\n      <td>4</td>\n      <td>38</td>\n      <td>0</td>\n    </tr>\n  </tbody>\n</table>\n<p>3490 rows × 7 columns</p>\n</div>"
     },
     "execution_count": 75,
     "metadata": {},
     "output_type": "execute_result"
    }
   ],
   "source": [
    "x['주구매상품'] = x['주구매상품'].factorize()[0]\n",
    "x['주구매지점'] = x['주구매지점'].factorize()[0]\n",
    "x_test['주구매상품'] = x_test['주구매상품'].factorize()[0]\n",
    "x_test['주구매지점'] = x_test['주구매지점'].factorize()[0]\n",
    "x"
   ],
   "metadata": {
    "collapsed": false,
    "pycharm": {
     "name": "#%%\n"
    }
   }
  },
  {
   "cell_type": "code",
   "execution_count": 55,
   "outputs": [
    {
     "data": {
      "text/plain": "            총구매액     최대구매액      환불금액     주구매상품     주구매지점      내점일수    gender\n총구매액    1.000000  0.700728  0.494191 -0.188539 -0.022932  0.659013 -0.151706\n최대구매액   0.700728  1.000000  0.440037 -0.127041 -0.013660  0.373643 -0.115071\n환불금액    0.494191  0.440037  1.000000 -0.101979  0.001929  0.393216 -0.115379\n주구매상품  -0.188539 -0.127041 -0.101979  1.000000 -0.011402 -0.236380  0.104343\n주구매지점  -0.022932 -0.013660  0.001929 -0.011402  1.000000  0.028206  0.024710\n내점일수    0.659013  0.373643  0.393216 -0.236380  0.028206  1.000000 -0.156264\ngender -0.151706 -0.115071 -0.115379  0.104343  0.024710 -0.156264  1.000000",
      "text/html": "<div>\n<style scoped>\n    .dataframe tbody tr th:only-of-type {\n        vertical-align: middle;\n    }\n\n    .dataframe tbody tr th {\n        vertical-align: top;\n    }\n\n    .dataframe thead th {\n        text-align: right;\n    }\n</style>\n<table border=\"1\" class=\"dataframe\">\n  <thead>\n    <tr style=\"text-align: right;\">\n      <th></th>\n      <th>총구매액</th>\n      <th>최대구매액</th>\n      <th>환불금액</th>\n      <th>주구매상품</th>\n      <th>주구매지점</th>\n      <th>내점일수</th>\n      <th>gender</th>\n    </tr>\n  </thead>\n  <tbody>\n    <tr>\n      <th>총구매액</th>\n      <td>1.000000</td>\n      <td>0.700728</td>\n      <td>0.494191</td>\n      <td>-0.188539</td>\n      <td>-0.022932</td>\n      <td>0.659013</td>\n      <td>-0.151706</td>\n    </tr>\n    <tr>\n      <th>최대구매액</th>\n      <td>0.700728</td>\n      <td>1.000000</td>\n      <td>0.440037</td>\n      <td>-0.127041</td>\n      <td>-0.013660</td>\n      <td>0.373643</td>\n      <td>-0.115071</td>\n    </tr>\n    <tr>\n      <th>환불금액</th>\n      <td>0.494191</td>\n      <td>0.440037</td>\n      <td>1.000000</td>\n      <td>-0.101979</td>\n      <td>0.001929</td>\n      <td>0.393216</td>\n      <td>-0.115379</td>\n    </tr>\n    <tr>\n      <th>주구매상품</th>\n      <td>-0.188539</td>\n      <td>-0.127041</td>\n      <td>-0.101979</td>\n      <td>1.000000</td>\n      <td>-0.011402</td>\n      <td>-0.236380</td>\n      <td>0.104343</td>\n    </tr>\n    <tr>\n      <th>주구매지점</th>\n      <td>-0.022932</td>\n      <td>-0.013660</td>\n      <td>0.001929</td>\n      <td>-0.011402</td>\n      <td>1.000000</td>\n      <td>0.028206</td>\n      <td>0.024710</td>\n    </tr>\n    <tr>\n      <th>내점일수</th>\n      <td>0.659013</td>\n      <td>0.373643</td>\n      <td>0.393216</td>\n      <td>-0.236380</td>\n      <td>0.028206</td>\n      <td>1.000000</td>\n      <td>-0.156264</td>\n    </tr>\n    <tr>\n      <th>gender</th>\n      <td>-0.151706</td>\n      <td>-0.115071</td>\n      <td>-0.115379</td>\n      <td>0.104343</td>\n      <td>0.024710</td>\n      <td>-0.156264</td>\n      <td>1.000000</td>\n    </tr>\n  </tbody>\n</table>\n</div>"
     },
     "execution_count": 55,
     "metadata": {},
     "output_type": "execute_result"
    }
   ],
   "source": [
    "x.corr()"
   ],
   "metadata": {
    "collapsed": false,
    "pycharm": {
     "name": "#%%\n"
    }
   }
  },
  {
   "cell_type": "code",
   "execution_count": 56,
   "outputs": [],
   "source": [
    "x.drop('주구매지점', axis=1, inplace=True)\n",
    "x_test.drop('주구매지점', axis=1, inplace=True)\n"
   ],
   "metadata": {
    "collapsed": false,
    "pycharm": {
     "name": "#%%\n"
    }
   }
  },
  {
   "cell_type": "code",
   "execution_count": 57,
   "outputs": [
    {
     "name": "stdout",
     "output_type": "stream",
     "text": [
      "(2792, 5) (698, 5) (2792,) (698,)\n"
     ]
    }
   ],
   "source": [
    "from sklearn.model_selection import train_test_split\n",
    "x_train, x_valid, y_train, y_valid = train_test_split(x.iloc[:,:-1], x['gender'], random_state=43, shuffle=True, stratify=x['gender'], test_size=0.2)\n",
    "print(x_train.shape, x_valid.shape, y_train.shape, y_valid.shape)"
   ],
   "metadata": {
    "collapsed": false,
    "pycharm": {
     "name": "#%%\n"
    }
   }
  },
  {
   "cell_type": "code",
   "execution_count": 58,
   "outputs": [
    {
     "data": {
